2.6943215054148384 -1.3892413711570764 -1.9522261065234259 -2.941730518801691 -0.4472707878316295 1.5708090802878987 
2.694321505414839 -1.3892410200861902 -1.952224476015907 -2.941732500380096 -0.447270787831629 1.5708090802878987 
2.69432150541484 -1.389240100247378 -1.952220203932525 -2.9417376923022904 -0.4472707878316277 1.5708090802878987 
2.694321505414843 -1.3892383736679128 -1.9522121850368848 -2.941747437777396 -0.44727078783162527 1.5708090802878987 
2.6943215054148464 -1.3892356325600854 -1.9521994542833632 -2.941762909638745 -0.44727078783162144 1.5708090802878987 
2.694321505414852 -1.3892316980457808 -1.9521811808935539 -2.941785117542859 -0.447270787831616 1.5708090802878987 
2.6943215054148593 -1.389226418881055 -1.9521566624327138 -2.9418149151684245 -0.4472707878316086 1.5708090802878987 
2.6943215054148686 -1.3892196701807118 -1.9521253188862102 -2.941853007415271 -0.4472707878315992 1.5708090802878987 
2.69432150541488 -1.3892113521428797 -1.952086686735966 -2.9418999576033475 -0.4472707878315876 1.5708090802878987 
2.6943215054148943 -1.3892013887735883 -1.9520404130369067 -2.941956194671698 -0.4472707878315737 1.5708090802878987 
2.6943215054149103 -1.389189726611345 -1.9519862494934062 -2.942022020377442 -0.44727078783155744 1.5708090802878987 
2.694321505414929 -1.3891763334517122 -1.9519240465357337 -2.9420976164947477 -0.44727078783153873 1.5708090802878987 
2.6943215054149503 -1.3891611970718831 -1.9518537473964996 -2.9421830520138106 -0.44727078783151764 1.5708090802878987 
2.694321505414974 -1.3891443239552594 -1.951775382187102 -2.9422782903398317 -0.4472707878314941 1.5708090802878987 
2.6943215054149996 -1.389125738016028 -1.9516890619741725 -2.942383196491993 -0.4472707878314682 1.5708090802878987 
2.694321505415028 -1.3891054793237367 -1.9515949728560233 -2.9424975443024333 -0.4472707878314399 1.5708090802878987 
2.6943215054150587 -1.389083602827872 -1.9514933700390928 -2.942621023615229 -0.4472707878314094 1.5708090802878987 
2.694321505415091 -1.3890601770824347 -1.9513845719143925 -2.942753247485366 -0.4472707878313767 1.5708090802878987 
2.694321505415126 -1.3890352829705181 -1.951268954133953 -2.9428937593777222 -0.447270787831342 1.5708090802878987 
2.6943215054151626 -1.3890090124288836 -1.9511469436872697 -2.94304204036604 -0.44727078783130536 1.5708090802878987 
2.694321505415201 -1.3889814671725378 -1.9510190129777503 -2.9431975163319053 -0.4472707878312669 1.5708090802878987 
2.694321505415241 -1.3889527574193092 -1.9508856738991602 -2.943359565163724 -0.44727078783122687 1.5708090802878987 
2.6943215054152825 -1.3889230006144249 -1.9507474719120697 -2.943527523955699 -0.44727078783118535 1.5708090802878987 
2.6943215054153256 -1.3888923201550867 -1.9506049801202985 -2.943700696206808 -0.44727078783114255 1.5708090802878987 
2.6943215054153695 -1.3888608441150494 -1.9504587933473645 -2.9438783590197795 -0.44727078783109864 1.5708090802878987 
2.6943215054154144 -1.388828703969196 -1.9503095222129276 -2.9440597703000697 -0.4472707878310538 1.5708090802878987 
2.6943215054154597 -1.388796033318115 -1.9501577872092384 -2.94424417595484 -0.4472707878310082 1.5708090802878987 
2.694321505415506 -1.3887629666126773 -1.9500042127775823 -2.9444308170919338 -0.44727078783096214 1.5708090802878987 
2.6943215054155525 -1.3887296378786125 -1.9498494213847275 -2.9446189372188534 -0.4472707878309156 1.5708090802878987 
2.694321505415599 -1.3886961794410857 -1.94969402759937 -2.9448077894417377 -0.44727078783086893 1.5708090802878987 
2.6943215054156457 -1.3886627206492748 -1.9495386321685808 -2.944996643664338 -0.44727078783082225 1.5708090802878987 
2.6943215054156924 -1.3886293866009463 -1.949383816094252 -2.945184793786995 -0.4472707878307758 1.5708090802878987 
2.6943215054157386 -1.3885962968670325 -1.949230134709543 -2.9453715649056176 -0.4472707878307296 1.5708090802878987 
2.694321505415784 -1.3885635642162089 -1.9490781117553269 -2.945556320510658 -0.44727078783068397 1.5708090802878987 
2.694321505415829 -1.3885312933394693 -1.948928233456636 -2.945738469686088 -0.44727078783063895 1.5708090802878987 
2.694321505415873 -1.388499579574704 -1.9487809425991096 -2.94591747430838 -0.4472707878305947 1.5708090802878987 
2.6943215054159166 -1.388468507631276 -1.9486366326054392 -2.9460928562454782 -0.44727078783055135 1.5708090802878987 
2.694321505415959 -1.388438150314597 -1.9484956416118149 -2.9462642045557814 -0.447270787830509 1.5708090802878987 
2.694321505416 -1.388408567250706 -1.9483582465443727 -2.946431182687115 -0.44727078783046775 1.5708090802878987 
2.6943215054160405 -1.388379803610844 -1.948224657195639 -2.9465935356757105 -0.4472707878304276 1.5708090802878987 
2.694321505416079 -1.3883518888360313 -1.9480950103009784 -2.946751097345184 -0.44727078783038865 1.5708090802878987 
2.694321505416117 -1.388324835361645 -1.9479693636150395 -2.9469037975055086 -0.4472707878303509 1.5708090802878987 
2.694321505416154 -1.3882986373419957 -1.9478476899882013 -2.9470516691519966 -0.4472707878303144 1.5708090802878987 
2.694321505416189 -1.3882732693749023 -1.9477298714430191 -2.947194855664272 -0.447270787830279 1.5708090802878987 
2.6943215054162235 -1.388248685226271 -1.9476156932506716 -2.947333618005251 -0.4472707878302447 1.5708090802878987 
2.694321505416257 -1.3882248165546716 -1.947504838007406 -2.947468341920116 -0.4472707878302114 1.5708090802878987 
2.6943215054162892 -1.3882015716359126 -1.947396879710986 -2.947599545135295 -0.447270787830179 1.5708090802878987 
2.6943215054163208 -1.38817883408762 -1.9472912778371358 -2.9477278845574375 -0.4472707878301473 1.5708090802878987 
2.694321505416352 -1.388156461593813 -1.947187371415989 -2.947854163472391 -0.44727078783011603 1.5708090802878987 
2.694321505416383 -1.3881342846294804 -1.947084373108533 -2.94797933874418 -0.4472707878300851 1.5708090802878987 
2.6943215054164136 -1.388112141864206 -1.9469815336345875 -2.9481043209833997 -0.44727078783005425 1.5708090802878987 
2.6943215054164447 -1.3880899990989315 -1.9468786941606422 -2.94822930322262 -0.4472707878300234 1.5708090802878987 
2.6943215054164753 -1.388067856333657 -1.9467758546866971 -2.9483542854618396 -0.4472707878299925 1.5708090802878987 
2.6943215054165064 -1.3880457135683826 -1.9466730152127514 -2.948479267701059 -0.44727078782996155 1.5708090802878985 
2.6943215054165375 -1.3880235708031081 -1.9465701757388065 -2.9486042499402796 -0.4472707878299307 1.5708090802878987 
2.6943215054165677 -1.3880014280378337 -1.946467336264861 -2.948729232179499 -0.4472707878298998 1.5708090802878987 
2.694321505416599 -1.387979285272559 -1.9463644967909155 -2.9488542144187186 -0.44727078782986895 1.570809080287899 
2.69432150541663 -1.3879571425072845 -1.9462616573169702 -2.9489791966579384 -0.447270787829838 1.5708090802878987 
2.694321505416661 -1.38793499974201 -1.946158817843025 -2.9491041788971586 -0.4472707878298071 1.570809080287899 
2.6943215054166916 -1.3879128569767354 -1.9460559783690794 -2.9492291611363783 -0.44727078782977625 1.5708090802878987 
2.6943215054167227 -1.3878907142114612 -1.9459531388951343 -2.949354143375598 -0.4472707878297454 1.5708090802878987 
2.6943215054167533 -1.3878685714461865 -1.9458502994211888 -2.9494791256148174 -0.4472707878297144 1.5708090802878985 
2.6943215054167844 -1.3878464286809122 -1.9457474599472437 -2.949604107854038 -0.44727078782968355 1.5708090802878987 
2.694321505416815 -1.3878242859156376 -1.9456446204732982 -2.9497290900932573 -0.4472707878296527 1.5708090802878987 
2.6943215054168466 -1.387802143150363 -1.945541780999353 -2.9498540723324775 -0.4472707878296218 1.5708090802878987 
2.6943215054168768 -1.3877800003850886 -1.9454389415254074 -2.949979054571697 -0.44727078782959084 1.5708090802878987 
2.694321505416908 -1.3877578576198142 -1.9453361020514623 -2.950104036810917 -0.44727078782956003 1.570809080287899 
2.694321505416939 -1.3877357148545397 -1.9452332625775166 -2.950229019050137 -0.4472707878295291 1.5708090802878987 
2.69432150541697 -1.3877135720892653 -1.9451304231035715 -2.950354001289357 -0.44727078782949825 1.5708090802878987 
2.694321505417 -1.3876914293239906 -1.945027583629626 -2.9504789835285763 -0.44727078782946733 1.5708090802878987 
2.6943215054170313 -1.3876692865587161 -1.944924744155681 -2.9506039657677965 -0.44727078782943647 1.5708090802878987 
2.6943215054170624 -1.3876471437934417 -1.9448219046817354 -2.950728948007016 -0.44727078782940555 1.5708090802878985 
2.694321505417093 -1.3876250010281672 -1.94471906520779 -2.950853930246236 -0.4472707878293747 1.5708090802878987 
2.6943215054171246 -1.387602858262893 -1.9446162257338448 -2.950978912485456 -0.4472707878293438 1.5708090802878987 
2.6943215054171548 -1.3875807154976183 -1.9445133862598993 -2.9511038947246755 -0.44727078782931295 1.5708090802878987 
2.694321505417186 -1.387558572732344 -1.9444105467859543 -2.9512288769638957 -0.4472707878292821 1.5708090802878987 
2.694321505417217 -1.3875364299670694 -1.9443077073120087 -2.951353859203115 -0.4472707878292511 1.5708090802878987 
2.694321505417248 -1.387514287201795 -1.9442048678380637 -2.951478841442335 -0.44727078782922025 1.5708090802878987 
2.694321505417278 -1.3874921444365205 -1.944102028364118 -2.9516038236815545 -0.4472707878291894 1.5708090802878987 
2.6943215054173093 -1.387470001671246 -1.943999188890173 -2.9517288059207747 -0.4472707878291585 1.5708090802878987 
2.6943215054173404 -1.3874478589059713 -1.9438963494162271 -2.9518537881599944 -0.44727078782912755 1.5708090802878987 
2.6943215054173715 -1.3874257161406969 -1.943793509942282 -2.951978770399214 -0.4472707878290967 1.5708090802878987 
2.694321505417402 -1.3874035733754224 -1.9436906704683368 -2.952103752638434 -0.4472707878290658 1.5708090802878987 
2.694321505417433 -1.387381430610148 -1.9435878309943915 -2.9522287348776537 -0.44727078782903495 1.5708090802878987 
2.694321505417464 -1.3873592878448733 -1.943484991520446 -2.9523537171168734 -0.447270787829004 1.5708090802878987 
2.694321505417495 -1.387337145079599 -1.9433821520465009 -2.9524786993560936 -0.4472707878289731 1.5708090802878987 
2.6943215054175256 -1.3873150023143244 -1.9432793125725554 -2.9526036815953134 -0.44727078782894225 1.5708090802878987 
2.694321505417556 -1.3872928595490501 -1.94317647309861 -2.952728663834533 -0.4472707878289114 1.5708090802878987 
2.6943215054175873 -1.3872707167837754 -1.9430736336246648 -2.952853646073753 -0.44727078782888047 1.5708090802878987 
2.6943215054176184 -1.387248574018501 -1.9429707941507193 -2.952978628312973 -0.4472707878288496 1.5708090802878987 
2.6943215054176495 -1.3872264312532265 -1.9428679546767742 -2.9531036105521924 -0.4472707878288187 1.5708090802878987 
2.69432150541768 -1.387204288487952 -1.9427651152028287 -2.9532285927914126 -0.4472707878287878 1.5708090802878987 
2.694321505417711 -1.3871821457226776 -1.9426622757288834 -2.9533535750306323 -0.44727078782875695 1.5708090802878987 
2.694321505417742 -1.387160002957403 -1.942559436254938 -2.953478557269852 -0.44727078782872604 1.5708090802878987 
2.694321505417773 -1.3871378601921287 -1.9424565967809926 -2.9536035395090723 -0.4472707878286951 1.5708090802878987 
2.694321505417804 -1.387115717426854 -1.9423537573070475 -2.9537285217482916 -0.44727078782866425 1.5708090802878987 
2.6943215054178347 -1.3870935746615798 -1.942250917833102 -2.953853503987512 -0.4472707878286334 1.5708090802878987 
2.6943215054178653 -1.387071431896305 -1.9421480783591565 -2.953978486226731 -0.4472707878286025 1.5708090802878987 
2.6943215054178964 -1.3870492891310306 -1.9420452388852114 -2.9541034684659513 -0.44727078782857155 1.5708090802878987 
2.6943215054179275 -1.3870271463657562 -1.941942399411266 -2.954228450705171 -0.4472707878285407 1.5708090802878987 
2.694321505417958 -1.3870050036004817 -1.9418395599373206 -2.954353432944391 -0.4472707878285098 1.5708090802878987 
2.6943215054179888 -1.3869828608352073 -1.9417367204633753 -2.954478415183611 -0.44727078782847896 1.5708090802878987 
2.69432150541802 -1.3869607180699326 -1.94163388098943 -2.9546033974228303 -0.4472707878284481 1.5708090802878987 
2.694321505418051 -1.3869385753046584 -1.9415310415154847 -2.9547283796620505 -0.4472707878284171 1.5708090802878987 
2.694321505418082 -1.3869164325393837 -1.9414282020415392 -2.9548533619012702 -0.44727078782838625 1.5708090802878987 
2.6943215054181127 -1.3868942897741092 -1.9413253625675941 -2.95497834414049 -0.4472707878283554 1.5708090802878987 
2.6943215054181433 -1.3868721470088348 -1.9412225230936486 -2.9551033263797097 -0.44727078782832447 1.5708090802878987 
2.6943215054181744 -1.3868500042435603 -1.941119683619703 -2.9552283086189295 -0.4472707878282936 1.5708090802878987 
2.6943215054182055 -1.3868278614782859 -1.9410168441457578 -2.9553532908581497 -0.44727078782826274 1.5708090802878987 
2.694321505418236 -1.3868057187130112 -1.9409140046718127 -2.955478273097369 -0.4472707878282318 1.5708090802878987 
2.6943215054182668 -1.386783575947737 -1.9408111651978674 -2.955603255336589 -0.44727078782820096 1.5708090802878987 
2.694321505418298 -1.3867614331824623 -1.940708325723922 -2.955728237575809 -0.44727078782817004 1.5708090802878987 
2.694321505418329 -1.3867392904171878 -1.9406054862499764 -2.9558532198150287 -0.4472707878281392 1.5708090802878987 
2.69432150541836 -1.3867171476519133 -1.9405026467760313 -2.9559782020542484 -0.44727078782810825 1.5708090802878987 
2.6943215054183907 -1.3866950048866389 -1.9403998073020858 -2.956103184293468 -0.4472707878280774 1.5708090802878987 
2.6943215054184213 -1.3866728621213644 -1.9402969678281408 -2.9562281665326884 -0.44727078782804647 1.5708090802878987 
2.6943215054184524 -1.3866507193560897 -1.9401941283541952 -2.9563531487719077 -0.44727078782801566 1.5708090802878987 
2.6943215054184835 -1.3866285765908155 -1.94009128888025 -2.956478131011128 -0.4472707878279847 1.5708090802878987 
2.694321505418514 -1.3866064338255408 -1.9399884494063047 -2.9566031132503476 -0.4472707878279538 1.5708090802878987 
2.6943215054185448 -1.3865842910602666 -1.9398856099323591 -2.9567280954895674 -0.44727078782792296 1.5708090802878987 
2.694321505418576 -1.386562148294992 -1.9397827704584139 -2.956853077728787 -0.4472707878278921 1.5708090802878987 
2.694321505418607 -1.3865400055297175 -1.9396799309844686 -2.956978059968007 -0.4472707878278611 1.5708090802878987 
2.6943215054186376 -1.386517862764443 -1.9395770915105233 -2.957103042207227 -0.4472707878278303 1.5708090802878987 
2.694321505418668 -1.3864957199991685 -1.939474252036578 -2.957228024446447 -0.4472707878277994 1.5708090802878987 
2.6943215054186993 -1.386473577233894 -1.9393714125626325 -2.9573530066856666 -0.4472707878277685 1.5708090802878987 
2.6943215054187304 -1.3864514344686196 -1.9392685730886872 -2.957477988924887 -0.4472707878277376 1.5708090802878987 
2.694321505418761 -1.3864292917033452 -1.9391657336147419 -2.957602971164106 -0.44727078782770674 1.5708090802878987 
2.694321505418792 -1.3864071489380707 -1.9390628941407964 -2.9577279534033263 -0.4472707878276758 1.5708090802878987 
2.694321505418823 -1.3863850061727963 -1.9389600546668513 -2.9578529356425456 -0.44727078782764496 1.5708090802878987 
2.694321505418854 -1.3863628634075216 -1.9388572151929058 -2.957977917881766 -0.4472707878276141 1.5708090802878987 
2.694321505418885 -1.3863407206422471 -1.9387543757189605 -2.9581029001209855 -0.44727078782758317 1.5708090802878987 
2.694321505418916 -1.3863185778769727 -1.9386515362450152 -2.9582278823602053 -0.44727078782755225 1.5708090802878987 
2.6943215054189467 -1.3862964351116982 -1.9385486967710697 -2.9583528645994255 -0.4472707878275214 1.5708090802878987 
2.6943215054189773 -1.3862742923464237 -1.9384458572971244 -2.958477846838645 -0.4472707878274905 1.5708090802878987 
2.6943215054190084 -1.3862521495811493 -1.938343017823179 -2.958602829077865 -0.4472707878274596 1.5708090802878987 
2.6943215054190395 -1.3862300068158748 -1.938240178349234 -2.9587278113170847 -0.4472707878274287 1.5708090802878987 
2.69432150541907 -1.3862078640506004 -1.9381373388752885 -2.9588527935563045 -0.4472707878273978 1.5708090802878987 
2.6943215054191008 -1.3861857212853257 -1.938034499401343 -2.9589777757955242 -0.44727078782736696 1.5708090802878987 
2.694321505419132 -1.3861635785200512 -1.937931659927398 -2.959102758034744 -0.44727078782733604 1.5708090802878987 
2.694321505419163 -1.3861414357547768 -1.9378288204534524 -2.959227740273964 -0.4472707878273052 1.5708090802878987 
2.6943215054191936 -1.3861192929895023 -1.9377259809795073 -2.9593527225131835 -0.44727078782727425 1.5708090802878987 
2.6943215054192247 -1.3860971502242279 -1.9376231415055618 -2.9594777047524037 -0.4472707878272434 1.5708090802878987 
2.6943215054192553 -1.3860750074589534 -1.9375203020316165 -2.9596026869916234 -0.4472707878272125 1.5708090802878987 
2.6943215054192864 -1.386052864693679 -1.9374174625576712 -2.959727669230843 -0.44727078782718166 1.5708090802878987 
2.6943215054193175 -1.3860307219284045 -1.9373146230837257 -2.959852651470063 -0.4472707878271507 1.5708090802878987 
2.694321505419348 -1.3860085791631298 -1.9372117836097802 -2.9599776337092827 -0.4472707878271199 1.5708090802878987 
2.6943215054193788 -1.3859864363978556 -1.9371089441358351 -2.9601026159485024 -0.44727078782708896 1.5708090802878987 
2.69432150541941 -1.385964293632581 -1.9370061046618898 -2.9602275981877226 -0.44727078782705804 1.5708090802878987 
2.694321505419441 -1.3859421508673064 -1.9369032651879445 -2.9603525804269424 -0.4472707878270272 1.5708090802878987 
2.6943215054194716 -1.385920008102032 -1.936800425713999 -2.9604775626661626 -0.4472707878269963 1.5708090802878987 
2.6943215054195027 -1.385897865292541 -1.93669758386918 -2.9606025473204727 -0.44727078782696544 1.5708090802878987 
2.6943215054195333 -1.3858757222195293 -1.9365947278944298 -2.9607275463682345 -0.4472707878269345 1.5708090802878987 
2.6943215054195644 -1.3858535786243642 -1.9364918439219243 -2.960852573935905 -0.4472707878269036 1.5708090802878987 
2.694321505419595 -1.3858314342537454 -1.9363889183697733 -2.9609776438586746 -0.44727078782687274 1.5708090802878987 
2.694321505419626 -1.385809288859706 -1.9362859379420219 -2.9611027696804655 -0.44727078782684176 1.5708090802878987 
2.694321505419657 -1.385787142199611 -1.9361828896286488 -2.9612279646539337 -0.44727078782681085 1.5708090802878987 
2.694321505419688 -1.3857649940361585 -1.9360797607055682 -2.961353241740467 -0.44727078782677987 1.5708090802878987 
2.694321505419719 -1.3857428441373787 -1.935976538734628 -2.9614786136101867 -0.4472707878267489 1.5708090802878987 
2.69432150541975 -1.3857206922766352 -1.935873211563611 -2.9616040926419474 -0.44727078782671786 1.5708090802878987 
2.694321505419781 -1.3856985382326237 -1.9357697673262344 -2.9617296909233355 -0.44727078782668683 1.5708090802878987 
2.694321505419812 -1.3856763817893722 -1.93566619444215 -2.961855420250671 -0.44727078782665575 1.5708090802878987 
2.6943215054198433 -1.3856542227362425 -1.9355624816169446 -2.9619812921290065 -0.4472707878266246 1.5708090802878987 
2.6943215054198744 -1.3856320608679278 -1.9354586178421382 -2.9621073177721273 -0.44727078782659346 1.5708090802878987 
2.6943215054199054 -1.3856098959844545 -1.935354592395187 -2.962233508102552 -0.44727078782656227 1.5708090802878987 
2.694321505419937 -1.3855877278911817 -1.9352503948394804 -2.9623598737515318 -0.447270787826531 1.5708090802878987 
2.694321505419968 -1.3855655563988007 -1.935146015024343 -2.96248642505905 -0.4472707878264997 1.5708090802878987 
2.6943215054199996 -1.3855433813233362 -1.9350414430850333 -2.962613172073824 -0.44727078782646834 1.5708090802878987 
2.694321505420031 -1.3855212024861445 -1.9349366694427454 -2.9627401245533034 -0.4472707878264369 1.5708090802878987 
2.694321505420062 -1.3854990197139156 -1.9348316848046072 -2.9628672919636707 -0.4472707878264055 1.5708090802878987 
2.6943215054200937 -1.3854768328386713 -1.9347264801636808 -2.9629946834798413 -0.447270787826374 1.5708090802878987 
2.6943215054201257 -1.3854546416977664 -1.9346210467989635 -2.9631223079854636 -0.4472707878263424 1.5708090802878987 
2.6943215054201572 -1.3854324461338885 -1.9345153762753868 -2.9632501740729182 -0.44727078782631075 1.5708090802878987 
2.694321505420189 -1.3854102459950572 -1.9344094604438167 -2.9633782900433197 -0.44727078782627905 1.5708090802878987 
2.6943215054202208 -1.3853880411346255 -1.934303291441054 -2.963506663906514 -0.44727078782624724 1.5708090802878987 
2.6943215054202523 -1.3853658314112787 -1.9341968616898337 -2.963635303381081 -0.44727078782621543 1.5708090802878987 
2.6943215054202843 -1.3853436166890343 -1.9340901638988255 -2.963764215894334 -0.4472707878261835 1.5708090802878987 
2.6943215054203162 -1.385321396837243 -1.9339831910626335 -2.963893408582317 -0.4472707878261515 1.5708090802878987 
2.6943215054203487 -1.3852991717305883 -1.9338759364617966 -2.9640228882898088 -0.44727078782611945 1.5708090802878987 
2.6943215054203806 -1.3852769412490857 -1.9337683936627876 -2.96415266157032 -0.4472707878260873 1.5708090802878987 
2.694321505420413 -1.3852547052780837 -1.9336605565180147 -2.964282734686095 -0.44727078782605506 1.5708090802878987 
2.694321505420445 -1.3852324637082634 -1.93355241916582 -2.96441311360811 -0.44727078782602275 1.5708090802878987 
2.6943215054204774 -1.3852102164356384 -1.9334439760304802 -2.964543804016075 -0.4472707878259904 1.5708090802878987 
2.69432150542051 -1.385187963361555 -1.9333352218222066 -2.964674811298432 -0.4472707878259579 1.5708090802878987 
2.6943215054205427 -1.3851657043926922 -1.9332261515371452 -2.9648061405523563 -0.4472707878259254 1.5708090802878987 
2.694321505420575 -1.3851434394410616 -1.9331167604573762 -2.964937796583756 -0.44727078782589275 1.5708090802878987 
2.694321505420608 -1.3851211684240072 -1.9330070441509146 -2.9650697839072713 -0.44727078782586 1.5708090802878987 
2.694321505420641 -1.3850988912642064 -1.93289699847171 -2.9652021067462773 -0.4472707878258272 1.5708090802878987 
2.6943215054206737 -1.3850766078896681 -1.932786619559646 -2.9653347690328795 -0.4472707878257943 1.5708090802878987 
2.6943215054207066 -1.385054318233735 -1.932675903840541 -2.9654677744079176 -0.4472707878257613 1.5708090802878987 
2.69432150542074 -1.3850320222350812 -1.9325648480261481 -2.965601126220964 -0.4472707878257282 1.5708090802878987 
2.6943215054207728 -1.3850097198377145 -1.932453449114155 -2.9657348275303237 -0.44727078782569507 1.5708090802878987 
2.694321505420806 -1.3849874109909746 -1.9323417043881836 -2.965868881103035 -0.4472707878256618 1.5708090802878987 
2.6943215054208394 -1.3849650956495345 -1.9322296114177904 -2.9660032894148687 -0.44727078782562846 1.5708090802878987 
2.694321505420873 -1.3849427737733992 -1.9321171680584666 -2.9661380546503278 -0.447270787825595 1.5708090802878987 
2.6943215054209064 -1.3849204453279067 -1.9320043724516374 -2.9662731787026493 -0.44727078782556146 1.5708090802878987 
2.69432150542094 -1.3848981102837274 -1.9318912230246634 -2.9664086631738025 -0.4472707878255278 1.5708090802878987 
2.694321505420974 -1.3848757686168647 -1.9317777184908391 -2.9665445093744895 -0.44727078782549406 1.5708090802878987 
2.6943215054210077 -1.384853420308654 -1.9316638578493934 -2.9666807183241457 -0.44727078782546026 1.5708090802878987 
2.6943215054210414 -1.3848310653457643 -1.9315496403854906 -2.9668172907509387 -0.44727078782542634 1.5708090802878987 
2.6943215054210756 -1.3848087037201962 -1.9314350656702282 -2.966954227091769 -0.4472707878253923 1.5708090802878987 
2.69432150542111 -1.3847863354292833 -1.9313201335606394 -2.9670915274922707 -0.4472707878253582 1.5708090802878987 
2.694321505421144 -1.3847639604756923 -1.9312048441996914 -2.9672291918068097 -0.447270787825324 1.5708090802878987 
2.694321505421178 -1.384741578867422 -1.9310891980162859 -2.9673672195984855 -0.4472707878252897 1.5708090802878987 
2.694321505421213 -1.3847191906178038 -1.9309731957252592 -2.9675056101391304 -0.44727078782525526 1.5708090802878987 
2.694321505421247 -1.3846967957455023 -1.930856838327382 -2.967644362409309 -0.4472707878252208 1.5708090802878987 
2.6943215054212817 -1.3846743942745139 -1.9307401271093598 -2.9677834750983196 -0.4472707878251862 1.5708090802878987 
2.6943215054213163 -1.3846519862341684 -1.9306230636438328 -2.967922946604192 -0.4472707878251515 1.5708090802878987 
2.6943215054213514 -1.3846295716591277 -1.930505649789375 -2.9680627750336908 -0.44727078782511676 1.5708090802878987 
2.694321505421386 -1.3846071505893864 -1.9303878876904952 -2.9682029582023115 -0.4472707878250819 1.5708090802878987 
2.694321505421421 -1.3845847230702724 -1.9302697797776374 -2.9683434936342836 -0.4472707878250469 1.5708090802878987 
2.694321505421456 -1.3845622891524452 -1.930151328767179 -2.968484378562569 -0.44727078782501184 1.5708090802878987 
2.6943215054214913 -1.3845398488918976 -1.9300325376614327 -2.968625609928863 -0.4472707878249767 1.5708090802878987 
2.6943215054215264 -1.384517402349955 -1.9299134097486457 -2.9687671843835926 -0.4472707878249415 1.5708090802878987 
2.694321505421562 -1.384494949593275 -1.9297939486029994 -2.968909098285919 -0.44727078782490615 1.5708090802878987 
2.694321505421597 -1.3844724906938484 -1.92967415808461 -2.969051347703735 -0.44727078782487073 1.5708090802878987 
2.6943215054216325 -1.384450025728998 -1.9295540423395279 -2.9691939284136675 -0.44727078782483526 1.5708090802878987 
2.694321505421668 -1.3844275547813798 -1.929433605799738 -2.9693368359010752 -0.4472707878247997 1.5708090802878987 
2.694321505421704 -1.3844050779389825 -1.9293128531831605 -2.96948006536005 -0.44727078782476404 1.5708090802878987 
2.6943215054217395 -1.3843825952951265 -1.9291917894936492 -2.969623611693417 -0.4472707878247283 1.5708090802878987 
2.6943215054217755 -1.3843601069484661 -1.929070420020993 -2.969767469512734 -0.44727078782469243 1.5708090802878987 
2.6943215054218115 -1.3843376130029872 -1.9289487503409148 -2.9699116331382913 -0.4472707878246565 1.5708090802878987 
2.6943215054218475 -1.384315113568009 -1.9288267863150725 -2.9700560965991114 -0.44727078782462054 1.5708090802878987 
2.6943215054218834 -1.3842926087581828 -1.9287045340910585 -2.9702008536329516 -0.44727078782458446 1.5708090802878987 
2.6943215054219194 -1.384270098693493 -1.9285820001023994 -2.970345897686301 -0.4472707878245483 1.5708090802878987 
2.694321505421956 -1.3842475834992565 -1.9284591910685565 -2.97049122191438 -0.44727078782451213 1.5708090802878987 
2.6943215054219922 -1.3842250633061226 -1.9283361139949258 -2.970636819181145 -0.4472707878244758 1.5708090802878987 
2.6943215054220286 -1.3842025382500736 -1.9282127761728374 -2.970782682059282 -0.44727078782443946 1.5708090802878987 
2.694321505422065 -1.3841800084724238 -1.9280891851795563 -2.970928802830213 -0.44727078782440305 1.5708090802878987 
2.6943215054221015 -1.384157474119821 -1.9279653488782817 -2.9710751734840906 -0.4472707878243666 1.5708090802878987 
2.694321505422138 -1.384134935344245 -1.927841275418148 -2.9712217857198002 -0.44727078782433 1.5708090802878987 
2.6943215054221747 -1.3841123923030083 -1.9277169732342234 -2.9713686309449616 -0.4472707878242934 1.5708090802878987 
2.694321505422211 -1.3840898451587564 -1.9275924510475106 -2.9715157002759263 -0.4472707878242567 1.5708090802878987 
2.694321505422248 -1.3840672940794672 -1.9274677178649475 -2.9716629845377787 -0.44727078782422003 1.5708090802878987 
2.694321505422285 -1.3840447392384507 -1.9273427829794059 -2.9718104742643363 -0.4472707878241832 1.5708090802878987 
2.6943215054223217 -1.3840221808143507 -1.9272176559696923 -2.97195815969815 -0.4472707878241464 1.5708090802878987 
2.6943215054223586 -1.3839996189911428 -1.9270923467005476 -2.9721060307905027 -0.4472707878241095 1.5708090802878987 
2.6943215054223955 -1.383977053958135 -1.926966865322648 -2.97225407720141 -0.4472707878240726 1.5708090802878987 
2.6943215054224323 -1.383954485909969 -1.926841222272603 -2.972402288299621 -0.4472707878240356 1.5708090802878987 
2.694321505422469 -1.383931915046618 -1.9267154282729577 -2.9725506531626174 -0.4472707878239986 1.5708090802878987 
2.6943215054225065 -1.3839093415733885 -1.9265894943321908 -2.9726991605766138 -0.44727078782396157 1.5708090802878987 
2.6943215054225433 -1.383886765700919 -1.9264634317447162 -2.9728477990365576 -0.4472707878239245 1.5708090802878987 
2.6943215054225806 -1.3838641876451818 -1.9263372520908821 -2.972996556746129 -0.44727078782388735 1.5708090802878987 
2.6943215054226175 -1.3838416076274807 -1.9262109672369714 -2.9731454216177413 -0.4472707878238502 1.5708090802878987 
2.694321505422655 -1.3838190258744523 -1.926084589335201 -2.97329438127254 -0.4472707878238131 1.5708090802878987 
2.694321505422692 -1.3837964426180664 -1.9259581308237228 -2.973443423040404 -0.4472707878237759 1.5708090802878987 
2.6943215054227294 -1.383773858095625 -1.9258316044266233 -2.9735925339599447 -0.4472707878237387 1.5708090802878987 
2.6943215054227663 -1.3837512725497627 -1.925705023153923 -2.973741700778507 -0.44727078782370144 1.5708090802878987 
2.6943215054228036 -1.3837286862284472 -1.9255784003015775 -2.9738909099521686 -0.44727078782366425 1.5708090802878987 
2.694321505422841 -1.3837060993849781 -1.9254517494514765 -2.9740401476457388 -0.447270787823627 1.5708090802878987 
2.694321505422878 -1.383683512277988 -1.9253250844714445 -2.9741893997327606 -0.44727078782358975 1.5708090802878987 
2.6943215054229155 -1.3836609251267817 -1.9251984171205387 -2.974338654234873 -0.4472707878235525 1.5708090802878987 
2.694321505422953 -1.3836383379755754 -1.925071749769633 -2.9744879087369847 -0.44727078782351526 1.5708090802878987 
2.69432150542299 -1.3836157508243692 -1.924945082418727 -2.9746371632390973 -0.44727078782347807 1.5708090802878987 
2.694321505423027 -1.3835931636731624 -1.9248184150678211 -2.974786417741209 -0.4472707878234408 1.5708090802878985 
2.6943215054230647 -1.3835705765219561 -1.9246917477169156 -2.974935672243322 -0.44727078782340357 1.5708090802878987 
2.6943215054231016 -1.3835479893707496 -1.9245650803660097 -2.9750849267454336 -0.4472707878233663 1.5708090802878987 
2.694321505423139 -1.3835254022195436 -1.9244384130151042 -2.975234181247546 -0.44727078782332913 1.570809080287899 
2.6943215054231757 -1.3835028150683368 -1.9243117456641983 -2.9753834357496576 -0.44727078782329177 1.5708090802878987 
2.6943215054232135 -1.3834802279171308 -1.9241850783132928 -2.97553269025177 -0.44727078782325463 1.570809080287899 
2.6943215054232503 -1.383457640765924 -1.9240584109623866 -2.975681944753882 -0.4472707878232174 1.5708090802878987 
2.694321505423288 -1.383435053614718 -1.9239317436114811 -2.9758311992559943 -0.44727078782318014 1.5708090802878987 
2.694321505423325 -1.3834124664635112 -1.9238050762605752 -2.975980453758106 -0.44727078782314283 1.5708090802878985 
2.6943215054233622 -1.3833898793123052 -1.9236784089096697 -2.9761297082602187 -0.4472707878231057 1.5708090802878987 
2.6943215054233995 -1.3833672921610984 -1.9235517415587637 -2.9762789627623305 -0.4472707878230684 1.5708090802878987 
2.694321505423437 -1.3833447050098924 -1.9234250742078582 -2.976428217264443 -0.4472707878230312 1.5708090802878987 
2.6943215054234737 -1.3833221178586859 -1.923298406856952 -2.976577471766555 -0.4472707878229939 1.5708090802878987 
2.6943215054235115 -1.3832995307074796 -1.9231717395060466 -2.9767267262686676 -0.4472707878229567 1.570809080287899 
2.6943215054235483 -1.383276943556273 -1.9230450721551406 -2.976875980770779 -0.4472707878229194 1.5708090802878987 
2.694321505423586 -1.3832543564050668 -1.9229184048042351 -2.9770252352728916 -0.4472707878228822 1.5708090802878987 
2.694321505423623 -1.3832317692538603 -1.9227917374533292 -2.9771744897750034 -0.4472707878228449 1.5708090802878987 
2.6943215054236607 -1.383209182102654 -1.9226650701024237 -2.9773237442771157 -0.4472707878228077 1.5708090802878987 
2.694321505423697 -1.3831865949514475 -1.9225384027515178 -2.977472998779228 -0.4472707878227704 1.5708090802878985 
2.6943215054237344 -1.3831640078002412 -1.9224117354006118 -2.97762225328134 -0.4472707878227332 1.5708090802878987 
2.694321505423772 -1.383141420649035 -1.9222850680497063 -2.9777715077834523 -0.447270787822696 1.5708090802878987 
2.694321505423809 -1.3831188334978282 -1.9221584006988004 -2.9779207622855646 -0.4472707878226587 1.5708090802878987 
2.6943215054238467 -1.3830962463466219 -1.922031733347895 -2.978070016787677 -0.44727078782262153 1.5708090802878987 
2.6943215054238836 -1.3830736591954156 -1.921905065996989 -2.978219271289788 -0.4472707878225842 1.5708090802878987 
2.694321505423921 -1.3830510720442093 -1.9217783986460832 -2.9783685257919013 -0.44727078782254703 1.5708090802878987 
2.694321505423958 -1.3830284848930026 -1.9216517312951773 -2.9785177802940126 -0.44727078782250973 1.5708090802878987 
2.6943215054239955 -1.3830058977417963 -1.9215250639442718 -2.9786670347961253 -0.44727078782247254 1.5708090802878987 
2.694321505424033 -1.38298331059059 -1.9213983965933659 -2.978816289298237 -0.44727078782243523 1.5708090802878987 
2.69432150542407 -1.3829607234393837 -1.9212717292424604 -2.9789655438003493 -0.44727078782239804 1.5708090802878987 
2.694321505424107 -1.382938136288177 -1.9211450618915544 -2.9791147983024615 -0.4472707878223608 1.5708090802878987 
2.6943215054241447 -1.382915549136971 -1.921018394540649 -2.9792640528045737 -0.44727078782232355 1.5708090802878987 
2.6943215054241816 -1.3828929619857644 -1.9208917271897428 -2.9794133073066855 -0.4472707878222863 1.5708090802878987 
2.6943215054242193 -1.382870374834558 -1.9207650598388373 -2.979562561808798 -0.4472707878222491 1.5708090802878987 
2.6943215054242557 -1.3828477876833514 -1.9206383924879313 -2.97971181631091 -0.44727078782221186 1.5708090802878987 
2.6943215054242935 -1.382825200532145 -1.9205117251370258 -2.979861070813022 -0.44727078782217455 1.5708090802878987 
2.6943215054243304 -1.3828026133809388 -1.92038505778612 -2.9800103253151344 -0.44727078782213736 1.5708090802878987 
2.6943215054243677 -1.3827800262297325 -1.9202583904352144 -2.980159579817246 -0.4472707878221001 1.5708090802878987 
2.694321505424405 -1.3827574390785262 -1.9201317230843085 -2.980308834319359 -0.44727078782206287 1.5708090802878987 
2.6943215054244423 -1.3827348519273195 -1.9200050557334025 -2.9804580888214707 -0.4472707878220256 1.5708090802878987 
2.6943215054244796 -1.3827122647761132 -1.919878388382497 -2.980607343323583 -0.44727078782198837 1.5708090802878987 
2.694321505424517 -1.382689677624907 -1.919751721031591 -2.980756597825695 -0.4472707878219512 1.5708090802878987 
2.694321505424554 -1.3826670904737006 -1.9196250536806856 -2.9809058523278074 -0.4472707878219139 1.5708090802878987 
2.6943215054245915 -1.3826445033224941 -1.9194983863297796 -2.9810551068299196 -0.4472707878218767 1.5708090802878987 
2.694321505424629 -1.3826219161712876 -1.919371718978874 -2.981204361332032 -0.44727078782183943 1.5708090802878987 
2.6943215054246656 -1.3825993290200813 -1.9192450516279682 -2.981353615834144 -0.4472707878218022 1.5708090802878987 
2.694321505424703 -1.382576741868875 -1.9191183842770623 -2.9815028703362563 -0.44727078782176494 1.5708090802878987 
2.6943215054247402 -1.3825541547176685 -1.9189917169261568 -2.981652124838368 -0.4472707878217277 1.5708090802878987 
2.6943215054247776 -1.382531567566462 -1.9188650495752508 -2.98180137934048 -0.44727078782169044 1.5708090802878987 
2.694321505424815 -1.3825089804152557 -1.9187383822243451 -2.981950633842592 -0.4472707878216532 1.5708090802878987 
2.6943215054248517 -1.3824863932640494 -1.9186117148734394 -2.9820998883447043 -0.44727078782161594 1.5708090802878987 
2.694321505424889 -1.382463806112843 -1.9184850475225337 -2.9822491428468165 -0.4472707878215787 1.5708090802878987 
2.6943215054249263 -1.3824412189616366 -1.918358380171628 -2.9823983973489288 -0.4472707878215415 1.5708090802878987 
2.6943215054249636 -1.3824186318104301 -1.9182317128207222 -2.982547651851041 -0.4472707878215042 1.5708090802878987 
2.694321505425001 -1.3823960446592238 -1.9181050454698163 -2.982696906353153 -0.447270787821467 1.5708090802878987 
2.6943215054250382 -1.3823734575080173 -1.9179783781189106 -2.9828461608552654 -0.44727078782142976 1.5708090802878987 
2.6943215054250755 -1.382350870356811 -1.9178517107680046 -2.9829954153573777 -0.4472707878213925 1.5708090802878987 
2.694321505425113 -1.3823282832056045 -1.9177250434170992 -2.9831446698594895 -0.44727078782135526 1.5708090802878987 
2.69432150542515 -1.3823056960543982 -1.9175983760661932 -2.9832939243616017 -0.447270787821318 1.5708090802878987 
2.6943215054251874 -1.3822831089031917 -1.9174717087152875 -2.9834431788637135 -0.4472707878212808 1.5708090802878987 
2.6943215054252247 -1.3822605217519854 -1.9173450413643818 -2.9835924333658257 -0.4472707878212435 1.5708090802878987 
2.6943215054252616 -1.382237934600779 -1.9172183740134758 -2.983741687867938 -0.4472707878212063 1.5708090802878987 
2.6943215054252985 -1.3822153474495726 -1.9170917066625703 -2.98389094237005 -0.4472707878211691 1.5708090802878987 
2.6943215054253358 -1.3821927602983664 -1.9169650393116644 -2.9840401968721624 -0.44727078782113183 1.5708090802878987 
2.694321505425373 -1.3821701731471598 -1.916838371960759 -2.9841894513742746 -0.44727078782109464 1.5708090802878987 
2.6943215054254104 -1.3821475859959533 -1.916711704609853 -2.984338705876387 -0.44727078782105734 1.5708090802878987 
2.6943215054254477 -1.382124998844747 -1.9165850372589472 -2.984487960378499 -0.44727078782102003 1.5708090802878987 
2.694321505425485 -1.3821024116935408 -1.9164583699080415 -2.984637214880611 -0.44727078782098284 1.5708090802878987 
2.6943215054255223 -1.3820798245423345 -1.9163317025571356 -2.9847864693827235 -0.4472707878209456 1.5708090802878987 
2.6943215054255596 -1.382057237391128 -1.91620503520623 -2.9849357238848353 -0.4472707878209084 1.5708090802878987 
2.694321505425597 -1.3820346502399214 -1.9160783678553241 -2.9850849783869475 -0.44727078782087115 1.5708090802878987 
2.694321505425634 -1.3820120630887152 -1.9159517005044184 -2.9852342328890593 -0.44727078782083385 1.5708090802878987 
2.6943215054256715 -1.3819894759375086 -1.9158250331535127 -2.9853834873911715 -0.44727078782079666 1.5708090802878987 
2.6943215054257084 -1.3819668887863024 -1.915698365802607 -2.9855327418932838 -0.44727078782075935 1.5708090802878987 
2.6943215054257457 -1.3819443016350959 -1.9155716984517013 -2.985681996395396 -0.44727078782072216 1.5708090802878987 
2.694321505425783 -1.3819217144838896 -1.9154450311007953 -2.9858312508975082 -0.4472707878206849 1.5708090802878987 
2.6943215054258203 -1.381899127332683 -1.9153183637498898 -2.9859805053996205 -0.44727078782064766 1.5708090802878987 
2.6943215054258576 -1.3818765401814768 -1.915191696398984 -2.9861297599017327 -0.44727078782061047 1.5708090802878987 
2.694321505425895 -1.3818539530302703 -1.9150650290480782 -2.986279014403845 -0.44727078782057317 1.5708090802878987 
2.694321505425932 -1.381831365879064 -1.9149383616971725 -2.9864282689059567 -0.447270787820536 1.5708090802878987 
2.694321505425969 -1.3818087787278577 -1.9148116943462665 -2.986577523408069 -0.44727078782049867 1.5708090802878987 
2.6943215054260063 -1.3817861915766512 -1.914685026995361 -2.986726777910181 -0.4472707878204615 1.5708090802878987 
2.6943215054260437 -1.3817636044254447 -1.914558359644455 -2.986876032412293 -0.44727078782042423 1.5708090802878987 
2.694321505426081 -1.3817410172742384 -1.9144316922935496 -2.9870252869144056 -0.447270787820387 1.5708090802878987 
2.6943215054261183 -1.381718430123032 -1.9143050249426437 -2.9871745414165174 -0.4472707878203498 1.5708090802878987 
2.6943215054261556 -1.3816958429718256 -1.914178357591738 -2.9873237959186296 -0.4472707878203125 1.5708090802878987 
2.694321505426193 -1.381673255820619 -1.9140516902408322 -2.987473050420742 -0.4472707878202753 1.5708090802878987 
2.69432150542623 -1.3816506686694128 -1.9139250228899263 -2.987622304922854 -0.447270787820238 1.5708090802878987 
2.694321505426267 -1.3816280815182065 -1.9137983555390208 -2.9877715594249663 -0.44727078782020074 1.5708090802878987 
2.6943215054263043 -1.381605494367 -1.9136716881881148 -2.9879208139270785 -0.44727078782016355 1.5708090802878987 
2.6943215054263416 -1.3815829072157937 -1.9135450208372091 -2.9880700684291903 -0.4472707878201263 1.5708090802878987 
2.694321505426379 -1.3815603200645872 -1.9134183534863034 -2.988219322931303 -0.44727078782008906 1.5708090802878987 
2.694321505426416 -1.381537732913381 -1.9132916861353977 -2.9883685774334143 -0.4472707878200518 1.5708090802878987 
2.694321505426453 -1.3815151457621746 -1.913165018784492 -2.988517831935527 -0.44727078782001456 1.5708090802878987 
2.6943215054264904 -1.381492558610968 -1.913038351433586 -2.9886670864376392 -0.4472707878199773 1.5708090802878987 
2.6943215054265277 -1.3814699714597616 -1.9129116840826805 -2.988816340939751 -0.4472707878199401 1.5708090802878987 
2.694321505426565 -1.3814473843085553 -1.9127850167317746 -2.9889655954418632 -0.4472707878199028 1.5708090802878987 
2.6943215054266023 -1.3814247971573488 -1.9126583493808689 -2.9891148499439755 -0.44727078781986557 1.5708090802878987 
2.6943215054266396 -1.381402212236404 -1.9125316945276165 -2.989264089718173 -0.4472707878198283 1.5708090802878987 
2.694321505426677 -1.3813796406073695 -1.9124051141578657 -2.989413241716958 -0.4472707878197911 1.5708090802878987 
2.694321505426714 -1.3813570953155947 -1.9122786813734685 -2.9895622197931297 -0.44727078781975393 1.5708090802878987 
2.694321505426751 -1.381334589137452 -1.9121524677690216 -2.9897109395757195 -0.44727078781971685 1.5708090802878987 
2.694321505426788 -1.3813121345803379 -1.9120265434318675 -2.9898593184699878 -0.4472707878196798 1.5708090802878987 
2.694321505426825 -1.3812897438826726 -1.9119009769420934 -2.990007275657427 -0.4472707878196429 1.5708090802878987 
2.6943215054268617 -1.3812674290138998 -1.9117758353725327 -2.9901547320957604 -0.4472707878196061 1.5708090802878987 
2.6943215054268985 -1.3812452016744872 -1.9116511842887636 -2.9903016105189426 -0.44727078781956947 1.5708090802878987 
2.694321505426935 -1.381223073295926 -1.9115270877491095 -2.9904478354371573 -0.44727078781953294 1.5708090802878987 
2.6943215054269714 -1.3812010550407317 -1.9114036083046395 -2.9905933331368217 -0.44727078781949664 1.5708090802878987 
2.6943215054270073 -1.3811791578024428 -1.9112808069991678 -2.9907380316805825 -0.44727078781946056 1.5708090802878987 
2.6943215054270433 -1.3811573922056217 -1.911158743369254 -2.9908818609073173 -0.44727078781942464 1.5708090802878987 
2.694321505427079 -1.381135768605855 -1.911037475444203 -2.991024752432135 -0.447270787819389 1.5708090802878987 
2.6943215054271143 -1.3811142970897528 -1.910917059746065 -2.9911666396463756 -0.4472707878193536 1.5708090802878987 
2.6943215054271494 -1.3810929874749482 -1.9107975512896358 -2.991307457717609 -0.44727078781931845 1.5708090802878987 
2.694321505427184 -1.3810718493100993 -1.910679003582456 -2.991447143589638 -0.4472707878192836 1.5708090802878987 
2.6943215054272187 -1.3810508918748872 -1.9105614686248118 -2.9915856359824944 -0.44727078781924906 1.5708090802878987 
2.694321505427253 -1.3810301241800167 -1.910444996909735 -2.9917228753924414 -0.4472707878192148 1.5708090802878987 
2.694321505427287 -1.3810095549672166 -1.910329637423002 -2.9918588040919745 -0.4472707878191809 1.5708090802878987 
2.6943215054273204 -1.380989192709239 -1.910215437643136 -2.9919933661298184 -0.4472707878191473 1.5708090802878987 
2.6943215054273537 -1.3809690456098604 -1.9101024435414033 -2.992126507330929 -0.4472707878191141 1.5708090802878987 
2.6943215054273866 -1.3809491216038807 -1.9099906995818177 -2.9922581752964947 -0.44727078781908125 1.5708090802878987 
2.694321505427419 -1.3809294283571232 -1.9098802487211368 -2.992388319403933 -0.4472707878190488 1.5708090802878987 
2.694321505427451 -1.3809099732664356 -1.9097711324088642 -2.9925168908068933 -0.4472707878190167 1.5708090802878987 
2.694321505427483 -1.3808907634596885 -1.909663390587249 -2.9926438424352555 -0.447270787818985 1.5708090802878987 
2.694321505427514 -1.3808718057957774 -1.9095570616912854 -2.9927691289951306 -0.44727078781895374 1.5708090802878987 
2.694321505427545 -1.3808531068646202 -1.9094521826487125 -2.9928927069688607 -0.44727078781892293 1.5708090802878987 
2.6943215054275753 -1.3808346729871592 -1.9093487888800154 -2.9930145346150185 -0.4472707878188925 1.5708090802878987 
2.6943215054276055 -1.380816510215361 -1.909246914298424 -2.993134571968408 -0.4472707878188626 1.5708090802878987 
2.694321505427635 -1.3807986243322148 -1.9091465913099142 -2.993252780840064 -0.44727078781883306 1.5708090802878987 
2.6943215054276637 -1.3807810208517342 -1.9090478508132063 -2.993369124817253 -0.447270787818804 1.5708090802878987 
2.6943215054276926 -1.3807637050189563 -1.9089507221997666 -2.99348356926347 -0.4472707878187755 1.5708090802878987 
2.6943215054277205 -1.3807466818099423 -1.9088552333538067 -2.993596081318444 -0.4472707878187474 1.5708090802878987 
2.694321505427748 -1.380729955931777 -1.9087614106522834 -2.9937066298981327 -0.4472707878187198 1.5708090802878987 
2.694321505427775 -1.3807135318225683 -1.9086692789648987 -2.9938151856947264 -0.4472707878186927 1.5708090802878987 
2.694321505427802 -1.3806974136514485 -1.9085788616540997 -2.993921721176645 -0.44727078781866614 1.5708090802878987 
2.694321505427828 -1.3806816053185738 -1.9084901805750798 -2.99402621058854 -0.4472707878186401 1.5708090802878987 
2.6943215054278533 -1.3806661104551232 -1.9084032560757767 -2.9941286299512933 -0.4472707878186145 1.5708090802878987 
2.694321505427878 -1.3806509324233007 -1.9083181069968738 -2.9942289570620186 -0.4472707878185895 1.5708090802878987 
2.694321505427903 -1.380636074316333 -1.9082347506718 -2.99432717149406 -0.447270787818565 1.5708090802878987 
2.694321505427927 -1.380621538958471 -1.9081532029267292 -2.994423254596993 -0.447270787818541 1.5708090802878987 
2.69432150542795 -1.3806073289049892 -1.908073478080581 -2.994517189496623 -0.4472707878185176 1.5708090802878987 
2.694321505427973 -1.3805934464421858 -1.90799558894502 -2.9946089610949875 -0.44727078781849466 1.5708090802878987 
2.6943215054279954 -1.380579893587383 -1.907919546824456 -2.9946985560703543 -0.44727078781847235 1.5708090802878987 
2.694321505428017 -1.3805666720889262 -1.907845361516045 -2.994785962877222 -0.44727078781845053 1.5708090802878987 
2.6943215054280385 -1.3805537834261854 -1.907773041309687 -2.994871171746321 -0.44727078781842927 1.5708090802878987 
2.6943215054280594 -1.3805412288095533 -1.9077025929880285 -2.9949541746846116 -0.44727078781840857 1.5708090802878987 
2.6943215054280794 -1.380529009180447 -1.9076340218264607 -2.9950349654752855 -0.44727078781838836 1.5708090802878987 
2.6943215054280993 -1.380517125211307 -1.9075673315931203 -2.995113539677766 -0.44727078781836876 1.5708090802878987 
2.694321505428118 -1.3805055773055983 -1.9075025245488892 -2.9951898946277056 -0.4472707878183497 1.5708090802878987 
2.6943215054281366 -1.3804943655978084 -1.9074396014473949 -2.99526402943699 -0.44727078781833124 1.5708090802878987 
2.694321505428155 -1.3804834899534495 -1.90737856153501 -2.995335944993734 -0.44727078781831325 1.5708090802878987 
2.694321505428172 -1.380472949969057 -1.9073194025508526 -2.995405643962284 -0.4472707878182959 1.5708090802878987 
2.694321505428189 -1.3804627449721902 -1.9072621207267857 -2.995473130783217 -0.44727078781827906 1.5708090802878987 
2.694321505428205 -1.3804528740214326 -1.9072067107874184 -2.9955384116733423 -0.44727078781826274 1.5708090802878987 
2.694321505428221 -1.3804433359063906 -1.9071531659501042 -2.995601494625699 -0.44727078781824703 1.5708090802878987 
2.694321505428236 -1.3804341291476945 -1.9071014779249427 -2.995662389409556 -0.4472707878182318 1.5708090802878987 
2.6943215054282508 -1.3804252519969993 -1.9070516369147785 -2.9957211075704158 -0.44727078781821716 1.5708090802878987 
2.694321505428265 -1.3804167024369822 -1.9070036316152015 -2.9957776624300094 -0.44727078781820306 1.5708090802878987 
2.6943215054282783 -1.3804084781813455 -1.906957449214547 -2.9958320690863007 -0.44727078781818946 1.5708090802878987 
2.6943215054282916 -1.3804005766748144 -1.9069130753938954 -2.9958843444134833 -0.4472707878181764 1.5708090802878987 
2.694321505428304 -1.3803929950931384 -1.906870494327073 -2.995934507061982 -0.44727078781816393 1.5708090802878987 
2.694321505428316 -1.38038573034309 -1.9068296886806508 -2.9959825774584528 -0.44727078781815194 1.5708090802878987 
2.6943215054283276 -1.380378779062466 -1.9067906396139453 -2.996028577805782 -0.44727078781814045 1.5708090802878987 
2.6943215054283383 -1.380372137620087 -1.9067533267790189 -2.996072532083087 -0.44727078781812946 1.5708090802878987 
2.694321505428349 -1.380365802115797 -1.9067177283206784 -2.996114466045718 -0.447270787818119 1.5708090802878987 
2.6943215054283587 -1.3803597683804638 -1.9066838208764765 -2.9961544072252533 -0.44727078781810903 1.5708090802878987 
2.6943215054283685 -1.380354031975979 -1.906651579576711 -2.996192384929503 -0.4472707878180996 1.5708090802878987 
2.6943215054283773 -1.380348588195258 -1.9066209780444252 -2.99622843024251 -0.4472707878180906 1.5708090802878987 
2.6943215054283858 -1.3803434320622399 -1.9065919883954079 -2.9962625760245456 -0.44727078781808205 1.5708090802878987 
2.6943215054283938 -1.3803385583318875 -1.9065645812381924 -2.9962948569121135 -0.447270787818074 1.5708090802878987 
2.6943215054284018 -1.380333961490187 -1.9065387256740585 -2.996325309317948 -0.4472707878180664 1.5708090802878987 
2.694321505428409 -1.380329635754149 -1.9065143892970302 -2.996353971431014 -0.44727078781805923 1.5708090802878987 
2.6943215054284155 -1.3803255750718075 -1.9064915381938778 -2.996380883216508 -0.4472707878180525 1.5708090802878987 
2.6943215054284217 -1.3803217731222202 -1.9064701369441164 -2.996406086415857 -0.44727078781804624 1.5708090802878987 
2.6943215054284275 -1.3803182233154683 -1.906450148620006 -2.996429624546719 -0.44727078781804036 1.5708090802878987 
2.694321505428433 -1.380314918792657 -1.9064315347865533 -2.996451542902983 -0.4472707878180349 1.5708090802878987 
2.694321505428438 -1.380311852425916 -1.906414255501509 -2.9964718885547685 -0.4472707878180298 1.5708090802878987 
2.6943215054284426 -1.380309016818397 -1.9063982693153694 -2.9964907103484273 -0.44727078781802515 1.5708090802878987 
2.694321505428447 -1.3803064043042768 -1.9063835332713766 -2.99650805890654 -0.4472707878180208 1.5708090802878987 
2.694321505428451 -1.3803040069487555 -1.9063700029055175 -2.9965239866279205 -0.4472707878180168 1.5708090802878987 
2.6943215054284546 -1.380301816548057 -1.906357632246525 -2.9965385476876114 -0.44727078781801316 1.5708090802878987 
2.694321505428458 -1.3802998246294287 -1.9063463738158763 -2.9965517980368883 -0.4472707878180099 1.5708090802878987 
2.6943215054284613 -1.380298022451142 -1.9063361786277953 -2.9965637954032562 -0.4472707878180069 1.5708090802878987 
2.694321505428464 -1.3802964010024923 -1.9063269961892497 -2.9965745992904513 -0.44727078781800417 1.5708090802878987 
2.694321505428466 -1.3802949510037978 -1.9063187744999537 -2.996584270978442 -0.4472707878180018 1.5708090802878987 
2.6943215054284684 -1.3802936629064015 -1.9063114600523665 -2.9965928735234253 -0.4472707878179996 1.5708090802878987 
2.69432150542847 -1.3802925268926696 -1.9063049978316922 -2.996600471757832 -0.44727078781799773 1.5708090802878987 
2.694321505428472 -1.3802915328759917 -1.9062993313158807 -2.996607132290321 -0.44727078781799606 1.5708090802878987 
2.6943215054284733 -1.380290670500782 -1.906294402475627 -2.9966129235057846 -0.4472707878179946 1.5708090802878987 
2.6943215054284746 -1.3802899291424775 -1.9062901517743718 -2.996617915565344 -0.44727078781799334 1.5708090802878987 
2.6943215054284755 -1.3802892979075398 -1.9062865181683004 -2.996622180406353 -0.4472707878179923 1.5708090802878987 
2.6943215054284764 -1.3802887656334537 -1.9062834391063443 -2.996625791742395 -0.4472707878179914 1.5708090802878987 
2.6943215054284773 -1.3802883208887278 -1.9062808505301796 -2.996628825063286 -0.4472707878179906 1.5708090802878987 
2.694321505428478 -1.3802879519728946 -1.9062786868742283 -2.9966313576350707 -0.44727078781799 1.5708090802878987 
2.6943215054284786 -1.38028764691651 -1.9062768810656572 -2.9966334685000264 -0.44727078781798946 1.5708090802878987 
2.694321505428479 -1.3802873934811537 -1.9062753645243788 -2.9966352384766606 -0.447270787817989 1.5708090802878987 
2.6943215054284795 -1.38028717915943 -1.9062740671630507 -2.9966367501597126 -0.4472707878179887 1.5708090802878987 
2.6943215054284795 -1.3802869911749656 -1.906272917387076 -2.996638087920152 -0.44727078781798835 1.5708090802878987 
2.69432150542848 -1.3802868164824116 -1.9062718420946032 -2.9966393379051786 -0.447270787817988 1.5708090802878987 
2.69432150542848 -1.3802866440201194 -1.9062707792997835 -2.9966405731622903 -0.44727078781798774 1.5708090802878987 
2.6943215054284804 -1.380286471557827 -1.906269716504964 -2.9966418084194024 -0.4472707878179874 1.5708090802878987 
2.694321505428481 -1.3802862990955347 -1.9062686537101445 -2.996643043676514 -0.4472707878179871 1.5708090802878987 
2.694321505428481 -1.380286126633242 -1.9062675909153248 -2.996644278933626 -0.4472707878179868 1.5708090802878985 
2.6943215054284817 -1.38028595417095 -1.9062665281205056 -2.9966455141907384 -0.4472707878179865 1.5708090802878987 
2.6943215054284817 -1.3802857817086576 -1.9062654653256856 -2.9966467494478497 -0.4472707878179861 1.5708090802878987 
2.694321505428482 -1.3802856092463653 -1.9062644025308664 -2.996647984704962 -0.4472707878179859 1.570809080287899 
2.694321505428482 -1.3802854367840727 -1.9062633397360464 -2.9966492199620736 -0.4472707878179855 1.5708090802878987 
2.6943215054284826 -1.3802852643217807 -1.9062622769412272 -2.9966504552191857 -0.44727078781798524 1.570809080287899 
2.6943215054284826 -1.380285091859488 -1.9062612141464075 -2.9966516904762974 -0.4472707878179849 1.5708090802878987 
2.6943215054284835 -1.3802849193971958 -1.9062601513515882 -2.9966529257334096 -0.4472707878179847 1.5708090802878987 
2.6943215054284835 -1.3802847469349033 -1.9062590885567683 -2.996654160990521 -0.44727078781798424 1.5708090802878985 
2.694321505428484 -1.380284574472611 -1.906258025761949 -2.9966553962476334 -0.447270787817984 1.5708090802878987 
2.6943215054284844 -1.3802844020103187 -1.906256962967129 -2.996656631504745 -0.4472707878179837 1.5708090802878987 
2.6943215054284844 -1.3802842295480264 -1.9062559001723098 -2.996657866761857 -0.4472707878179834 1.5708090802878987 
2.6943215054284844 -1.380284057085734 -1.9062548373774901 -2.9966591020189686 -0.4472707878179831 1.5708090802878987 
2.6943215054284853 -1.3802838846234418 -1.9062537745826709 -2.996660337276081 -0.4472707878179828 1.570809080287899 
2.6943215054284853 -1.380283712161149 -1.906252711787851 -2.996661572533193 -0.44727078781798246 1.5708090802878987 
2.6943215054284857 -1.380283539698857 -1.9062516489930315 -2.996662807790305 -0.44727078781798213 1.5708090802878987 
2.694321505428486 -1.3802833672365646 -1.9062505861982117 -2.9966640430474163 -0.4472707878179818 1.5708090802878987 
2.694321505428486 -1.3802831947742722 -1.9062495234033925 -2.996665278304529 -0.4472707878179816 1.5708090802878987 
2.694321505428486 -1.3802830223119797 -1.9062484606085728 -2.9966665135616406 -0.4472707878179812 1.5708090802878985 
2.694321505428487 -1.3802828498496875 -1.906247397813753 -2.9966677488187523 -0.4472707878179809 1.5708090802878987 
2.694321505428487 -1.3802826773873953 -1.9062463350189338 -2.9966689840758645 -0.4472707878179806 1.5708090802878987 
2.694321505428487 -1.3802825049251028 -1.906245272224114 -2.996670219332976 -0.44727078781798024 1.5708090802878987 
2.694321505428488 -1.3802823324628106 -1.9062442094292948 -2.9966714545900883 -0.44727078781798 1.5708090802878987 
2.694321505428488 -1.380282160000518 -1.906243146634475 -2.9966726898472 -0.44727078781797963 1.5708090802878987 
2.694321505428489 -1.380281987538226 -1.9062420838396554 -2.996673925104312 -0.4472707878179794 1.5708090802878987 
2.694321505428489 -1.3802818150759335 -1.9062410210448357 -2.9966751603614235 -0.447270787817979 1.5708090802878987 
2.6943215054284892 -1.380281642613641 -1.9062399582500165 -2.996676395618536 -0.4472707878179788 1.5708090802878987 
2.6943215054284892 -1.3802814701513486 -1.9062388954551968 -2.9966776308756478 -0.44727078781797835 1.5708090802878987 
2.6943215054284897 -1.3802812976890566 -1.9062378326603773 -2.99667886613276 -0.44727078781797813 1.5708090802878987 
2.6943215054284897 -1.3802811252267637 -1.9062367698655576 -2.996680101389871 -0.4472707878179778 1.5708090802878987 
2.6943215054284906 -1.3802809527644717 -1.906235707070738 -2.9966813366469838 -0.4472707878179775 1.5708090802878987 
2.6943215054284906 -1.3802807803021793 -1.9062346442759184 -2.9966825719040955 -0.4472707878179772 1.5708090802878987 
2.694321505428491 -1.3802806078398868 -1.9062335814810991 -2.996683807161207 -0.4472707878179769 1.5708090802878987 
2.694321505428491 -1.3802804353775944 -1.9062325186862794 -2.996685042418319 -0.4472707878179766 1.5708090802878987 
2.6943215054284915 -1.3802802629153024 -1.9062314558914597 -2.996686277675431 -0.44727078781797625 1.5708090802878987 
2.694321505428492 -1.38028009045301 -1.9062303930966404 -2.996687512932543 -0.44727078781797597 1.5708090802878987 
2.6943215054284924 -1.3802799179907175 -1.9062293303018207 -2.996688748189655 -0.44727078781797563 1.5708090802878987 
2.6943215054284924 -1.380279745528425 -1.906228267507001 -2.9966899834467666 -0.44727078781797536 1.5708090802878987 
2.694321505428493 -1.380279573066133 -1.9062272047121818 -2.996691218703879 -0.447270787817975 1.5708090802878987 
2.6943215054284932 -1.3802794006038406 -1.906226141917362 -2.9966924539609905 -0.4472707878179747 1.5708090802878987 
2.6943215054284932 -1.3802792281415481 -1.9062250791225424 -2.9966936892181026 -0.4472707878179744 1.5708090802878987 
2.6943215054284937 -1.3802790556792557 -1.9062240163277229 -2.9966949244752143 -0.44727078781797414 1.5708090802878987 
2.694321505428494 -1.3802788832169632 -1.9062229535329034 -2.996696159732326 -0.4472707878179738 1.5708090802878987 
2.694321505428494 -1.380278710754671 -1.906221890738084 -2.996697394989438 -0.44727078781797347 1.5708090802878987 
2.694321505428495 -1.3802785382923788 -1.9062208279432644 -2.9966986302465504 -0.4472707878179732 1.5708090802878987 
2.694321505428495 -1.3802783658300863 -1.9062197651484447 -2.996699865503662 -0.44727078781797286 1.5708090802878987 
2.694321505428495 -1.380278193367794 -1.9062187023536252 -2.996701100760774 -0.4472707878179726 1.5708090802878987 
2.6943215054284955 -1.3802780209055017 -1.9062176395588057 -2.996702336017886 -0.44727078781797225 1.5708090802878987 
2.694321505428496 -1.3802778484432092 -1.906216576763986 -2.996703571274998 -0.4472707878179719 1.5708090802878987 
2.6943215054284964 -1.380277675980917 -1.9062155139691666 -2.99670480653211 -0.44727078781797164 1.5708090802878987 
2.694321505428497 -1.3802775035186245 -1.906214451174347 -2.9967060417892215 -0.44727078781797136 1.5708090802878987 
2.694321505428497 -1.380277331056332 -1.9062133883795274 -2.9967072770463337 -0.447270787817971 1.5708090802878987 
2.6943215054284972 -1.3802771585940399 -1.9062123255847077 -2.996708512303446 -0.4472707878179707 1.5708090802878987 
2.6943215054284977 -1.3802769861317477 -1.9062112627898884 -2.9967097475605575 -0.44727078781797036 1.5708090802878987 
2.6943215054284977 -1.3802768136694552 -1.9062101999950687 -2.9967109828176692 -0.4472707878179701 1.5708090802878987 
2.6943215054284977 -1.3802766412071628 -1.906209137200249 -2.996712218074781 -0.44727078781796975 1.5708090802878987 
2.6943215054284986 -1.3802764687448703 -1.9062080744054297 -2.9967134533318935 -0.4472707878179695 1.5708090802878987 
2.6943215054284986 -1.380276296282578 -1.90620701161061 -2.9967146885890052 -0.44727078781796914 1.5708090802878987 
2.694321505428499 -1.3802761238202859 -1.9062059488157903 -2.996715923846117 -0.4472707878179688 1.5708090802878987 
2.6943215054284995 -1.3802759513579934 -1.906204886020971 -2.9967171591032287 -0.44727078781796853 1.5708090802878987 
2.6943215054284995 -1.380275778895701 -1.9062038232261513 -2.996718394360341 -0.44727078781796825 1.5708090802878987 
2.6943215054285 -1.3802756064334087 -1.9062027604313316 -2.996719629617453 -0.4472707878179679 1.5708090802878987 
2.6943215054285004 -1.3802754339711163 -1.9062016976365124 -2.9967208648745647 -0.4472707878179676 1.5708090802878987 
2.6943215054285004 -1.380275261508824 -1.9062006348416927 -2.9967221001316764 -0.44727078781796725 1.5708090802878987 
2.694321505428501 -1.3802750890465316 -1.906199572046873 -2.9967233353887885 -0.447270787817967 1.5708090802878987 
2.6943215054285012 -1.3802749165842392 -1.9061985092520537 -2.9967245706459003 -0.4472707878179667 1.5708090802878987 
2.6943215054285012 -1.380274744121947 -1.906197446457234 -2.9967258059030124 -0.44727078781796636 1.5708090802878987 
2.6943215054285017 -1.3802745716596547 -1.9061963836624143 -2.996727041160124 -0.4472707878179661 1.5708090802878987 
2.694321505428502 -1.3802743991973623 -1.906195320867595 -2.996728276417236 -0.4472707878179657 1.5708090802878987 
2.694321505428502 -1.3802742267350698 -1.9061942580727753 -2.996729511674348 -0.4472707878179654 1.5708090802878987 
2.694321505428503 -1.3802740542727776 -1.9061931952779556 -2.99673074693146 -0.44727078781796514 1.5708090802878987 
2.694321505428503 -1.3802738818104852 -1.9061921324831363 -2.996731982188572 -0.4472707878179648 1.5708090802878987 
2.694321505428503 -1.380273709348193 -1.9061910696883166 -2.9967332174456836 -0.4472707878179645 1.5708090802878987 
2.6943215054285035 -1.3802735368859005 -1.906190006893497 -2.9967344527027953 -0.44727078781796425 1.5708090802878987 
2.694321505428504 -1.380273364423608 -1.9061889440986777 -2.996735687959908 -0.4472707878179639 1.5708090802878987 
2.6943215054285043 -1.3802731919613158 -1.906187881303858 -2.9967369232170196 -0.4472707878179636 1.5708090802878987 
2.694321505428505 -1.3802730194990236 -1.9061868185090383 -2.9967381584741313 -0.44727078781796326 1.5708090802878987 
2.694321505428505 -1.3802728470367311 -1.906185755714219 -2.996739393731243 -0.4472707878179629 1.5708090802878987 
2.6943215054285052 -1.3802726745744387 -1.9061846929193993 -2.996740628988355 -0.44727078781796265 1.5708090802878987 
2.6943215054285052 -1.3802725021121465 -1.9061836301245796 -2.9967418642454673 -0.44727078781796237 1.5708090802878987 
2.6943215054285057 -1.380272329649854 -1.9061825673297603 -2.996743099502579 -0.44727078781796203 1.5708090802878987 
2.694321505428506 -1.3802721571875618 -1.9061815045349406 -2.996744334759691 -0.4472707878179617 1.5708090802878987 
2.6943215054285066 -1.3802719847252694 -1.906180441740121 -2.9967455700168024 -0.44727078781796137 1.5708090802878987 
2.6943215054285066 -1.380271812262977 -1.9061793789453017 -2.9967468052739146 -0.4472707878179611 1.5708090802878987 
2.694321505428507 -1.3802716398006847 -1.906178316150482 -2.9967480405310267 -0.4472707878179608 1.5708090802878987 
2.6943215054285075 -1.3802714673383922 -1.9061772533556622 -2.996749275788139 -0.4472707878179605 1.5708090802878987 
2.6943215054285075 -1.3802712948761 -1.906176190560843 -2.99675051104525 -0.4472707878179602 1.5708090802878987 
2.694321505428508 -1.3802711224138076 -1.9061751277660233 -2.9967517463023623 -0.4472707878179598 1.5708090802878987 
2.6943215054285083 -1.3802709499515151 -1.9061740649712036 -2.9967529815594744 -0.44727078781795954 1.5708090802878987 
2.6943215054285083 -1.3802707774892229 -1.9061730021763843 -2.996754216816586 -0.44727078781795926 1.5708090802878987 
2.694321505428509 -1.3802706050269304 -1.9061719393815646 -2.996755452073698 -0.4472707878179589 1.5708090802878987 
2.6943215054285092 -1.380270432564638 -1.9061708765867449 -2.99675668733081 -0.44727078781795865 1.5708090802878987 
2.6943215054285092 -1.3802702601023458 -1.9061698137919256 -2.996757922587922 -0.4472707878179583 1.5708090802878987 
2.6943215054285097 -1.3802700876400533 -1.906168750997106 -2.996759157845034 -0.44727078781795804 1.5708090802878987 
2.69432150542851 -1.3802699151777609 -1.9061676882022864 -2.9967603931021456 -0.4472707878179577 1.5708090802878987 
2.6943215054285106 -1.3802697427154689 -1.906166625407467 -2.9967616283592577 -0.44727078781795737 1.5708090802878987 
2.6943215054285106 -1.3802695702531764 -1.9061655626126472 -2.99676286361637 -0.4472707878179571 1.5708090802878987 
2.694321505428511 -1.3802693975245195 -1.9061644981763624 -2.9967641007813115 -0.44727078781795676 1.5708090802878987 
2.694321505428511 -1.3802692232729517 -1.9061634243551742 -2.9967653488540678 -0.4472707878179565 1.5708090802878987 
2.6943215054285115 -1.3802690461781013 -1.9061623330123252 -2.996766617291767 -0.44727078781795615 1.5708090802878987 
2.694321505428512 -1.3802688651315191 -1.906161217317021 -2.9967679140336534 -0.4472707878179558 1.5708090802878987 
2.6943215054285123 -1.380268679226743 -1.9061600716832119 -2.9967692455722386 -0.4472707878179555 1.5708090802878987 
2.6943215054285123 -1.3802684877493654 -1.9061588917083767 -2.9967706170244517 -0.44727078781795515 1.5708090802878987 
2.694321505428513 -1.3802682901670984 -1.9061576741123052 -2.9967720322027898 -0.4472707878179548 1.5708090802878987 
2.6943215054285132 -1.380268086119841 -1.906156416675882 -2.9967734936864705 -0.44727078781795443 1.5708090802878987 
2.6943215054285137 -1.3802678754097446 -1.9061551181798688 -2.99677500289258 -0.44727078781795404 1.5708090802878987 
2.694321505428514 -1.3802676579912787 -1.906153778343688 -2.996776560147227 -0.44727078781795365 1.5708090802878987 
2.6943215054285146 -1.3802674339612986 -1.9061523977642048 -2.99677816475669 -0.44727078781795326 1.5708090802878987 
2.694321505428515 -1.3802672035491097 -1.9061509778545116 -2.9967798150785723 -0.4472707878179528 1.5708090802878987 
2.6943215054285155 -1.3802669671065355 -1.9061495207827095 -2.9967815085929486 -0.44727078781795243 1.5708090802878987 
2.694321505428516 -1.380266725097982 -1.9061480294106925 -2.996783241973519 -0.447270787817952 1.5708090802878987 
2.6943215054285163 -1.3802664780905056 -1.90614650723293 -2.996785011158758 -0.44727078781795154 1.5708090802878987 
2.694321505428517 -1.380266226743878 -1.9061449583152499 -2.996786811423066 -0.4472707878179511 1.5708090802878987 
2.6943215054285172 -1.3802659718006527 -1.9061433872336213 -2.9967886374479193 -0.44727078781795065 1.5708090802878987 
2.6943215054285177 -1.3802657140762316 -1.9061417990129386 -2.9967904833930232 -0.44727078781795016 1.5708090802878987 
2.694321505428518 -1.3802654544489303 -1.9061401990658027 -2.9967923429674603 -0.4472707878179497 1.5708090802878987 
2.6943215054285186 -1.3802651938500456 -1.9061385931313062 -2.9967942095008415 -0.4472707878179492 1.5708090802878987 
2.694321505428519 -1.3802649332539203 -1.906136987213814 -2.996796076014459 -0.44727078781794877 1.5708090802878987 
2.6943215054285194 -1.3802646736680102 -1.9061353875217493 -2.996797935292434 -0.4472707878179483 1.5708090802878987 
2.69432150542852 -1.3802644161229498 -1.906133800406373 -2.9967997799528705 -0.4472707878179478 1.5708090802878987 
2.6943215054285203 -1.3802641616626188 -1.90613223230057 -2.9968016025190045 -0.4472707878179474 1.5708090802878987 
2.694321505428521 -1.3802639113342086 -1.9061306896576304 -2.996803395490354 -0.44727078781794694 1.5708090802878987 
2.6943215054285212 -1.3802636661782874 -1.9061291788900332 -2.9968051514138727 -0.4472707878179465 1.5708090802878987 
2.6943215054285217 -1.3802634272188674 -1.9061277063082285 -2.9968068629550975 -0.44727078781794605 1.5708090802878987 
2.694321505428522 -1.3802631954534703 -1.906126278059422 -2.996808522969301 -0.44727078781794566 1.5708090802878987 
2.6943215054285226 -1.3802629718431945 -1.9061249000663563 -2.9968101245726424 -0.44727078781794527 1.5708090802878987 
2.694321505428523 -1.3802627573027793 -1.9061235779660954 -2.9968116612133184 -0.4472707878179449 1.5708090802878987 
2.694321505428523 -1.3802625526906735 -1.9061223170488066 -2.996813126742713 -0.4472707878179445 1.5708090802878987 
2.6943215054285234 -1.3802623587990996 -1.9061211221965442 -2.9968145154865495 -0.44727078781794416 1.5708090802878987 
2.694321505428524 -1.3802621763441214 -1.9061199978220325 -2.9968158223160395 -0.4472707878179438 1.5708090802878987 
2.6943215054285243 -1.3802620059557087 -1.906118947807448 -2.9968170427190364 -0.4472707878179435 1.5708090802878987 
2.6943215054285243 -1.380261848167805 -1.906117975443204 -2.996818172871184 -0.4472707878179432 1.5708090802878987 
2.6943215054285248 -1.380261703408393 -1.9061170833667318 -2.9968192097070685 -0.44727078781794294 1.5708090802878987 
2.6943215054285248 -1.38026157198956 -1.906116273501265 -2.9968201509913683 -0.4472707878179427 1.5708090802878987 
2.694321505428525 -1.3802614540975653 -1.9061155469946218 -2.996820995390006 -0.4472707878179425 1.5708090802878987 
2.694321505428525 -1.3802613497829062 -1.9061149041579888 -2.9968217425412984 -0.44727078781794233 1.5708090802878987 
2.6943215054285257 -1.3802612589503833 -1.906114344404703 -2.9968223931271067 -0.44727078781794216 1.5708090802878987 
2.6943215054285257 -1.3802611813491674 -1.9061138661890358 -2.99682294894399 -0.44727078781794205 1.5708090802878987 
2.6943215054285257 -1.3802611165628658 -1.9061134669449755 -2.996823412974352 -0.4472707878179419 1.5708090802878987 
2.694321505428526 -1.3802610639995876 -1.90611314302501 -2.9968237894575958 -0.44727078781794183 1.5708090802878987 
2.694321505428526 -1.3802610228820107 -1.9061128896389106 -2.996824083961272 -0.4472707878179417 1.5708090802878987 
2.694321505428526 -1.3802609922374482 -1.9061127007925145 -2.99682430345223 -0.44727078781794166 1.5708090802878987 
2.694321505428526 -1.3802609708879132 -1.9061125692265082 -2.9968244563677717 -0.44727078781794166 1.5708090802878987 
2.694321505428526 -1.3802609574401867 -1.9061124863552097 -2.996824552686797 -0.4472707878179416 1.5708090802878987 
2.694321505428526 -1.3802609502758825 -1.9061124422053524 -2.9968246040009583 -0.4472707878179416 1.5708090802878987 
2.694321505428526 -1.3802609475415135 -1.906112425354868 -2.9968246235858116 -0.4472707878179416 1.5708090802878987 
2.694321505428526 -1.3802609471385587 -1.9061124228716693 -2.996824626471965 -0.4472707878179416 1.5708090802878987 
